21 5 317
19 22 221
3 9 32
2 4 176
13 14 326
11 29 120
21 17 133
8 21 271
0 26 171
1 13 256
1 18 192
25 24 133
9 11 128
23 15 133
22 18 171
8 28 295
10 29 277
25 17 78
25 1 137
27 21 74
24 15 72
5 22 230
17 24 207
4 28 52
23 18 178
5 7 257
5 27 268
6 17 48
29 19 223
27 15 106
23 5 208
10 13 137
12 8 150
20 12 92
16 12 142
9 17 166
26 7 40
14 23 181
14 0 194
12 21 127
4 9 251
7 8 246
0 4 41
6 19 159
2 27 154
20 13 247
3 10 36
10 18 267
26 29 164
12 27 132
12 10 86
9 22 209
18 6 168
2 11 50
3 0 308
25 19 178
0 22 72
14 16 73
17 19 177
23 1 235
24 5 327
22 27 80
7 4 145
11 8 204
21 15 47
17 26 103
28 6 80
16 4 97
28 4 52
10 19 171
3 5 267
27 19 214
14 11 106
9 14 225
19 9 142
20 7 188
29 15 222
23 28 191
27 11 103
16 2 79
18 2 84
18 11 119
8 15 232
24 29 280
16 0 138
18 15 262
5 11 171
27 10 183
26 0 171
12 14 178
26 17 103
17 15 151
13 1 256
7 13 144
17 3 192
27 2 154
14 2 83
25 18 202
27 14 191
13 2 260
4 1 22
13 0 286
20 27 223
12 29 199
22 8 310
15 1 205
20 16 199
3 22 237
28 26 122
23 20 53
29 3 263
10 20 118
25 22 112
2 20 125
17 20 206
14 21 248
25 21 62
3 26 167
10 9 40
3 4 278
15 2 182
23 0 277
18 17 148
7 14 186
24 11 181
1 2 176
27 4 119
17 11 61
16 25 121
9 16 186
7 23 135
1 6 119
15 17 151
29 4 34
25 11 83
26 10 159
27 0 135
23 13 205
10 25 137
11 16 59
21 11 146
24 12 106
20 28 237
26 14 223
18 22 171
17 0 119
12 3 64
21 0 205
28 16 59
7 10 147
15 11 144
23 22 205
2 7 135
0 5 279
2 6 101
15 10 92
5 13 387
16 3 207
24 26 144
6 24 159
10 0 314
27 28 81
26 28 122
26 2 175
7 9 116
25 13 141
18 3 237
24 1 271
14 20 203
24 16 237
10 12 86
13 11 220
18 1 192
25 2 131
17 28 33
11 25 83
11 7 86
3 19 135
22 12 175
4 17 85
2 18 84
28 17 33
16 1 101
16 9 186
25 14 186
2 26 175
18 12 182
26 27 41
9 15 81
8 9 151
12 23 39
13 15 77
12 7 96
26 9 135
24 25 133
16 18 98
11 10 168
16 13 262
7 15 79
27 20 223
12 25 86
14 18 28
26 20 220
1 9 238
8 10 155
7 6 35
20 25 178
29 6 121
27 23 170
5 1 250
24 14 283
26 12 127
23 2 98
24 7 142
18 14 28
29 17 73
2 25 131
22 19 221
5 12 221
21 16 181
21 2 192
13 17 217
23 6 121
21 24 118
29 12 199
13 4 277
19 15 207
21 6 97
0 23 277
16 8 254
12 1 205
8 16 254
23 25 125
19 29 223
15 13 77
13 8 291
19 14 139
21 9 122
14 25 186
25 9 105
22 6 90
7 11 86
7 25 10
13 3 168
