7 4 69
1 0 14
3 1 86
2 6 69
9 5 38
7 5 29
3 2 2
4 6 57
8 2 52
2 0 101
9 3 32
5 1 22
4 3 14
7 0 46
3 7 83
0 1 14
4 5 54
3 5 66
8 3 51
9 8 26
1 5 22
6 7 43
0 4 89
6 4 57
5 2 67
0 3 100
5 4 54
2 1 87
2 5 67
4 2 14
4 0 89
9 0 68
7 1 37
9 6 67
7 2 83
9 4 26
6 9 67
1 8 36
2 8 52
5 8 15
6 2 69
2 9 34
7 6 43
1 2 87
3 9 32
8 1 36
